NAME	wt.LICL.5|wt.MOCK_TREATED.5_Expression	wt.LICL.10|wt.MOCK_TREATED.10_Expression	wt.LICL.20|wt.MOCK_TREATED.20_Expression	wt.LICL.40|wt.MOCK_TREATED.40_Expression	wt.LICL.5|wt.MOCK_TREATED.5_Intron	wt.LICL.10|wt.MOCK_TREATED.10_Intron	wt.LICL.20|wt.MOCK_TREATED.20_Intron	wt.LICL.40|wt.MOCK_TREATED.40_Intron	wt.LICL.5|wt.MOCK_TREATED.5_Junction	wt.LICL.10|wt.MOCK_TREATED.10_Junction	wt.LICL.20|wt.MOCK_TREATED.20_Junction	wt.LICL.40|wt.MOCK_TREATED.40_Junction
SRB2: transcription from RNA polymerase II promoter	-0.223478513319	-0.23262239881	-0.462479316298	-0.0173135045763	-0.24874768744	-0.208774181267	0.0105920086358	-0.0605746049208	0.0346861501971	-0.00916086043071	-0.226942437312	0
NHP6B: regulation of transcription from RNA polymerase II promoter*	0.376029867506	0.0267680210105	-0.165187640807	0.470763886542	0.324089695232	0.245550743328	0.64312663089	0.37269324568	0.342382714167	0.00937198140187	0.0897913116877	-0.0318676897808
NOG2: ribosome assembly*	-2.03102749284	-2.0	-2.0	-1.02645822763	-0.630372180126	-0.751911138968	-0.482620249231	-0.077157287252	-0.984255863362	-1.3854802946	-1.25083690021	-0.959590955649
APE2: peptide metabolism	0.108501264052	0.135122433447	0.259854001301	0.339531983818	0.604582948471	0.91086785974	1.3636915818	1.3021817935	0.35389685879	0.164406312574	0.671944881071	0.40956341293
AMA1: sporulation (sensu Fungi)*	-0.222722896192	-0.100027644798	-0.0281222611588	0.0159247013004	0.571869068452	0.143782677637	0.704797940984	0	-0.110728517095	-0.0588298145729	-0.114310232987	-0.0699288031469
TFC3: transcription initiation from RNA polymerase III promoter	0.317406871891	0.394717363648	-0.0248783562423	-0.21298975959	0.405038112009	0.197941336677	1.16259046472	-0.0199357371048	-0.119718343451	-0.0461573238463	0	0.0603515175575
YCR097W_2	-0.229298525537	-0.0453199472698	0.100721093965	-0.344705146894	0.101553726392	0.134284681008	0.665149312975	0.0210492098818	-0.267898363017	-0.0325057745693	-0.517619514369	0.153760911996
RPL19B: protein biosynthesis	0.311604848506	0.294157840477	0.0035048882689	-0.0245180925911	-1.76050585877	-1.58378220098	2.0	-0.358915232506	-0.123397805312	0.0745458521807	0.279805705796	-0.0403295418168
RPL36A: protein biosynthesis	-0.0119114366013	-0.284522794032	-0.492916810693	-0.561340985312	-0.665185060308	-0.811176162902	0.89769660389	-0.0135314832604	-0.026109306587	-0.261744506202	-0.603799938128	-0.879590790855
RPL37B: protein biosynthesis	0.150603200249	-0.050680004134	-0.379802966182	-0.830064406677	-0.988199405685	-1.11794559249	2.0	0.292580677272	0.16379690243	0.147498945785	-0.338835713643	-0.803889987892
UBC13: protein monoubiquitination*	-0.0101955335643	0.0241491260648	0.00169426593677	0.295350634441	-0.108572939587	-0.0435663890759	2.0	0.308109885756	-0.031820249762	0.0812441661998	-0.0294049734877	0.183115749562
RPL34B: protein biosynthesis*	0.303657868018	0.0164740562577	0.0040202610883	-0.126329550677	-0.362667531022	-0.168622475493	0.225028626947	-0.082451112339	-0.036174275194	-0.0571152588561	-0.0605465372431	0
SFT1: intra-Golgi transport	0.331773102866	0.102510800499	-0.592984863078	-0.48128258852	0.184324038913	0.107184106725	0.450294026266	0.477907289932	-0.177473645126	-0.0382460906086	0.89904219667	-0.445876642676
MOB1: protein amino acid phosphorylation*	0.134496060856	0.152087327865	-0.212671218223	-0.249916151737	0.226297761201	0.0220235086112	0.257736116039	0.292056598608	-0.0654537714756	0.0606383524362	0.0639781936624	0.23598528622
YGL076C_2	-0.0736489651947	-0.585608317924	-0.894200506564	-0.789242130878	-0.245981038113	-0.379322756085	0.17722752128	-0.0764766954683	0.0402724429277	-0.0683414706526	-0.146084636057	-0.244947144934
YPL198W_2	-0.290064818039	-0.810451172012	-2.0	-2.0	-0.76575770034	-0.723462381789	-0.117960521941	-0.043872107306	-0.0212790500345	-0.340056557623	0	-1.10798011265
IMD4: biological process unknown	-0.469892054523	-0.929143799623	-1.5105347927	-2.0	-0.922930320077	-0.788325668841	-0.411699757887	-0.0652357010411	-0.274184099426	-0.938089329548	-1.35752547944	-2.0
RPL33B: protein biosynthesis	0.00472088237422	-0.391869498336	-0.619473914212	-0.395759804376	-0.617874910273	-0.330166393246	-0.403900887286	-0.127672389146	-0.152760328911	-0.167236235697	-0.367631709639	-0.347356561001
RIM1: mitochondrial genome maintenance	0.578311217461	0.337612874003	0.348706461512	-0.035035509066	0.0205215315038	0.239863871956	0.276610207356	0.560995219145	0.467552247441	0.333202095721	0.350900339115	0.195101508805
RPL30: protein biosynthesis*	0.273909381502	-0.175372078885	-0.294561208093	-1.11248036448	-0.877760556145	-0.951418424351	-0.175242261542	0.423827109673	0.174137823695	-0.0155955668442	-0.0554145982816	-0.300659027697
RPL43B: protein biosynthesis	0.394612460887	-0.31827343188	-0.213852476393	-0.407851000919	-0.624989960553	-0.439484877052	-0.216530669605	0.296565921979	0.336901866727	0.00997820995709	-0.0326160757244	-0.13397170299
RPS24B: protein biosynthesis	-0.115719678401	-0.285161730905	-0.69222943304	-0.710486661644	-1.07366584137	-1.13027871406	-0.0180077950082	0.276913809947	0.0166669441619	-0.407806891779	-0.414697287495	-0.390722864034
RPL7A: protein biosynthesis	-0.0736489651947	-0.585608317924	-0.894200506564	-0.789242130878	-1.08808380754	-0.586058520315	0.488598665843	0.327363436283	0.180848420981	-0.193569657593	-0.234768078491	-0.231644932472
RBF20: biological process unknown	-0.0234568532715	-0.239607860801	-0.226471174174	-0.132573581151	-0.447851202295	-0.311352126453	0	0.413433882391	0.159995039569	-0.069743223288	-0.342968166434	-0.192057145453
YKL186C_4	-0.0742814887005	-0.220781938024	-0.102070264918	-0.0165401163736	-0.0491551321647	-0.175419743023	-0.647547662001	2.0	-0.104767170487	0.215248238069	0.126181930672	-0.215138938218
TEF4: translational elongation	-0.354525062045	-0.378843419031	-0.498103007785	-0.725438511424	-0.30609832095	-0.236842924053	-0.167111803943	0.65764826575	-0.267812153883	-0.224369083355	-0.625204938479	-0.468634485108
DBP2: mRNA catabolism, nonsense-mediated decay	-1.21407649703	-1.42394239156	-0.895510510671	-0.753301317817	-2.0	-2.0	-0.274058765971	0.511823787256	-1.42810322755	-1.87927319116	-1.54538480849	-1.47762375998
RPL14B: protein biosynthesis	0.134067569563	-0.0176258820344	-0.0222398902724	-0.0799252155344	-0.222465580423	-0.140203471967	0.0883867579293	0.482993107007	-0.162384782167	-0.142815270162	0.371756886372	0.363607022684
PRE3: response to stress*	0.271558551027	0.129881145655	0.483956324452	1.06829976171	-0.0379088719325	-0.462688282502	0.310301240801	1.74580881126	0.158784822375	0.285008143076	0.957734442307	1.04171419656
SAR1: ER to Golgi transport	0.400372530274	0.415016907346	0.545784624313	0.341831645688	-0.0971772529115	-0.308647738618	-0.00433365845162	1.36398550364	0.252371917658	0.226679228253	0.384429644183	0.389216128066
ECM33: cell wall organization and biogenesis	0.0895424850295	-0.478884956061	-0.794080621701	-0.114740041046	-0.865832631038	-0.524954941068	-0.254604216758	0.260811995393	-0.624398129726	-0.375119690661	-0.493953780387	-0.151271627724
GCR1: positive regulation of transcription from RNA polymerase II promoter*	0.164277543253	-0.168303023171	-0.451977197628	0.501702414966	0.257470790883	-0.104406870842	0.438106098412	0.877061117759	-0.228705982587	0.101284103537	0.146807299284	0
YER074W-A_2	0.327066242655	-0.00977759678634	0.0392125649129	0.126234934759	0.0280053946294	0.123057063405	0	0	-0.179855652724	0.0198725844868	-0.0454756837989	0.032517548101
IWR1: meiosis	0.247303769411	0.227589363714	0.235362200277	0.191785818714	0.397962689751	0.508694982654	0.367590905721	0.75848290666	-0.322142266253	-0.313203501342	-0.20601865882	-0.237767157402
YER093C-A: biological process unknown	0.31111143502	0.297180953723	0.333476271609	0.0637296604262	-0.00948524671882	0.0385209405942	0.104597918845	0.404733184158	0.183425676131	0.0950624344558	-0.336995467122	0.421280854907
RPS19A: protein biosynthesis	0.127397596455	-0.205434594336	-0.216608189912	-0.335489950448	-0.397051118633	-0.361650373167	-0.0829422351069	0.0420744882054	0.00193858986536	-0.0229247710674	-0.617147669655	0.0779766078401
MTR2: poly(A)+ mRNA-nucleus export	-0.0742814887005	-0.220781938024	-0.102070264918	-0.0165401163736	-0.119237743921	-0.102728209981	0	0.131409028482	0.10583340633	-0.00499664626793	0	0.687682737171
APS3: vesicle-mediated transport*	0.067915494246	-0.108988972329	0.132954524443	-0.140484013044	-0.140016335129	-0.132868967599	0.169824918322	0.156700492485	0.0512222859552	-0.00777621191876	-0.385379540753	0.882148238704
YGR001C: biological process unknown	0.23164222704	0.0312586830792	-0.0758099469282	-0.0810408614531	-0.151047001549	-0.0843832531652	0.850106993185	0	0.17417942692	0.0524114666857	-0.691696503369	0
RBS1: galactose metabolism	-0.219407399197	-0.152439198939	-0.371144742719	-0.696081667998	0.161745994671	0.0406611670139	0	0.33596766197	-0.15165749545	-0.0656334159896	-1.84764911668	0
YML6: protein biosynthesis*	0.0173206164203	0.0368345329697	-0.342926730833	-0.0809130092161	-0.0957737535194	-0.269597997323	-0.0553501987234	-0.107692346687	-0.0145862793563	-0.277919523561	-0.747250071579	-0.139599441662
UBC9: G2/M transition of mitotic cell cycle*	-0.201885003979	-0.23928681508	0.0130369472864	-0.173291051659	-0.127594586363	-0.189765394059	0	-0.331249586251	0.0442578183572	-0.111997728046	-0.132960772697	-0.0798596988583
RPL24B: protein biosynthesis	-0.209877119352	-0.0735026308214	0.138193169422	-0.0350748241206	0.0119931239666	-0.179665322527	-0.411520101262	-0.303454231082	0.392929669905	0.241878395527	0.217393732987	-0.143476666758
YPR063C: biological process unknown	0.297031756376	0.437466653508	0.274814134137	0.0896638603854	0.282602183655	0.52949826989	-0.514974429038	-0.414454153985	0.393198002638	0.406007652848	0.307656927894	-0.0665135203486
YGR001C_2	0.23164222704	0.0312586830792	-0.0758099469282	-0.0810408614531	0.0104958743921	-0.158479660229	-0.36785950288	-0.728034919994	0.228840828355	0.0591198876075	-0.277206963302	-0.443506377828
UBC8: protein monoubiquitination*	0.413418307601	0.661912003854	0.790558739209	0.540021090506	0.45331143592	0.12459564646	-0.163531671498	0.0202141796855	0.394026556934	0.980645463587	0	0.0203428979712
PMI40: protein amino acid glycosylation*	-0.310495562306	-0.0793163647825	0.137767252678	0.442209010552	0.380654464233	0.0737553973698	0.0709689751762	-0.462184287446	-0.130028867092	0.270524242304	0.262230774415	0.413234773558
BET1: ER to Golgi transport*	0.236990989462	-0.0241347875151	0.113090830145	0.0663881369065	-0.199116451106	-0.013554100189	-0.12084064771	-0.738916071174	-0.146705996836	-0.0373583046821	0.275614467273	0.11900584098
YLR426W: biological process unknown	-0.0536969593154	-0.171183021329	-0.413882643599	-0.176907799831	0.2058862016	0.138410554352	-0.462988177699	-2.0	-0.107128072959	-0.201854441476	0	0.140092975752
DID4: protein retention in Golgi*	0.0476846886497	-0.0237821319444	-0.00311673571171	0.310109362992	0.20671507143	0.00899117069774	-0.500734585767	-1.16570156326	0.0188067486667	0.063483941786	-0.126351299418	0.206092314721
HFM1: meiosis*	0.137989272642	-0.116399365861	-0.676093828263	-0.300516349882	0.120358919329	0.25948698337	0.0377763296926	-1.17379094886	-0.334297922795	0.0400863627245	0.0569112306558	0.425262053594
OST5: protein amino acid N-linked glycosylation	0.261982065887	0.0135077207682	-0.0050560287617	-0.178277832797	0.115556334154	-0.199343043995	-0.224319771431	-0.681593263302	-0.216805715325	-0.383440621681	0.0992011088813	0
YPR098C: biological process unknown	0.599503916453	0.657176605656	0.53136882852	0.44600901549	0.704500111712	0.722951310328	-0.365503392441	-0.748787055022	0.0318210643365	0.0834858407193	0.895102530758	0.150367998381
SPO1: meiosis	0.177665069138	0.0773858946355	-0.0679343062248	0.290121598033	0.181281460867	0.248050794242	-0.15668860944	-0.289038050985	-0.103458505352	0.00545487456648	0	0
STO1: nuclear mRNA splicing, via spliceosome*	0.124506914178	-0.214494084265	-0.325279800629	0.269895720254	-0.11968833323	-0.11922004028	0	-0.29359206272	-0.0797790133304	-0.0697263607852	-0.0033533203724	0.105234446415
TAN1: tRNA modification	0.134910763569	0.132256239953	0.0799629849674	0.620181531347	-0.0338444573938	-0.113710885885	-0.275888644057	-0.540573634997	-0.0148354719453	0.0802541586071	0.0835564511488	0.21247113027
YSC84: endocytosis*	0.49764050311	0.772131074538	-0.0509778427706	0.380300102059	0.301442997241	0.12210789995	-0.505735425937	-0.371806967075	-0.0814371812429	-0.0843440155899	0.131270154572	0.3078382649
KIN28: protein amino acid phosphorylation*	0.321569799835	0.679335352589	0.208821092585	0.239821678374	0.117408596737	0.0895008990344	-0.231056278716	-0.0825750990977	0.0228295999785	0.0981287859304	0.263280687464	0.0454453891313
VMA10: vacuolar acidification*	0.258002872039	0.186347175014	0.0534704235454	-0.230140696425	0.0733979884159	0.0281985619906	0.133177090171	-0.00496429870121	-0.245460242394	-0.0992630719262	0.0140379283811	0.344178216477
YDR367W: biological process unknown	0.27069794845	0.341672865203	-0.0848242723265	0.0849528884381	-0.103384726853	-0.0826663160734	0.445688522309	-0.250028916304	-0.183739093744	-0.352558989282	0	0.340249592269
NMD2: mRNA catabolism*	-0.105401758541	-0.0322709288613	0.215704040981	0.303221781018	0.0389871251499	0.017616492259	-0.133710488453	0	-0.549234619752	-0.302953857083	0.0951573597045	0.561522900993
PFY1: response to osmotic stress*	0.501886157341	0.547565336471	0.957893649818	0.964297153369	0.0963504394397	0.0824506919575	0.0817601209853	0.232105392755	-0.116919535037	-0.164334943075	0.290852680065	1.21599703511
MPT5: cell wall organization and biogenesis*	0.0202172908543	0.754206852463	0.912352719882	0.371062406552	0.161908737848	0.703068437995	0.389779741898	-0.0471030613306	0.716004744238	1.29586825359	1.1816340698	2.0
RPS27B: protein biosynthesis	-0.0659247118652	0.0741143065742	0.250712812302	0.173574537831	-0.506030170933	-0.38303101892	-0.631163651574	-1.04560585296	-0.169806056266	-0.330670749805	0.0242236494546	1.49884174701
YNL050C: biological process unknown	-0.181434035645	-0.0169822932837	0.00809621149341	0.210816352859	-0.142006111671	0.163035907438	0	0.241767726028	0.0230486970837	0.0401985635511	0.130398051394	0.631847092437
REC107: meiotic recombination	-0.0615811259184	0.218831595262	0.460560038814	0.201233778874	0.389751398684	0.694812283192	1.1225587729	-0.553823570248	-0.193655658846	-0.183944122775	1.90424649124	0.0625425533787
YOL048C: biological process unknown	0.497106206498	0.864868710249	0.143248608779	0	0.0685557405642	0.152592770614	1.73639241486	-0.369202720062	1.16654904583	2.0	2.0	0
CIN2: microtubule-based process	0.137422807966	-0.0101647404252	-0.647238457482	-0.988912088961	-0.0644652968179	-0.198339382097	0	-0.535307534823	-0.0761818089591	-0.0123213631809	2.0	0.330074467707
DTD1: translation*	0.475427050075	0.4843655433	0.285465612486	0.033079399576	0.182734828981	0.0929019951908	0.951200423207	-0.0574157639095	0.507947962326	0.473466235783	0.81910933321	0.312226981579
UBC12: protein monoubiquitination*	0.198500784068	0.129441495484	0	0	-0.0205313574034	0.0870564376762	0.137619719579	0.21407596809	0.140125918247	0.244433377616	0.531208685964	0.339926701427
YDR424C_2	0.0719703835435	0.0822476328376	0.0698377742331	0.198092032645	-0.106736818752	0.00632818612831	-0.133764405724	0	-0.193664275598	-0.188566188996	1.65595044634	0.97974584068
QCR10: aerobic respiration*	-0.151448218345	0.00631208705739	0.149103608035	0.621920318637	0.193800102796	-0.0290087742	-0.356535668906	-0.00111278031466	0.787206223562	0.954202014769	1.92429405369	0.466590174163
MMS2: DNA repair*	0.164351319802	0.237320589001	0.399407692696	0.365838227994	0.0731528457334	0.00463148051851	0.154259708234	0.228888884439	0.497328338368	0.524685972821	0.657262884298	0.513127656589
NCB2: negative regulation of transcription from RNA polymerase II promoter	-0.616039393831	-0.907919451739	-0.700061341377	0.113740171233	-0.436471707682	-0.487734232449	-0.496874724731	-0.690167472141	-0.0530542137054	-0.0253264357877	0.07059495913	-0.0436937205892
RPL22B: protein biosynthesis	-0.723633322365	-1.30001844412	-1.52120576843	-1.72216885741	-1.32076696549	-1.5878872434	-2.0	-0.705291477378	0.158044915495	0.113304206051	-0.881597614627	-1.64594547803
RPS26B: protein biosynthesis	0.0114421517919	0.0492855204986	-0.331463237369	-0.613211339463	-0.703893335726	-0.731488415892	-0.484678907737	-0.265226360205	0.155668683902	-0.0162168038744	-0.486548405274	-1.03582208771
ERV41: ER to Golgi transport	0.565681186787	0.413745207134	0.255333003543	-0.174320576888	-0.00189176535837	0.00983168687702	0	0.0828754765269	0.645688729581	0.465678121071	0.310914572491	-0.17228479799
RPS22B: protein biosynthesis	0.387403017275	0.143671986637	-0.360912317322	-1.15112076343	-1.22166765425	-1.32998593567	-0.249191211215	-0.317680884903	0.677003173862	0.433308544847	-0.138910623432	-1.25502303076
RPS14B: protein biosynthesis*	0.455804351088	0.237943084843	-0.490626847318	-0.873752724481	-0.551401165459	-1.331068516	-0.908784683483	0	0.335807017796	0.061866833559	-0.48574296996	-1.17989652674
RPL31B: protein biosynthesis	0.137198562228	-0.338259392027	-0.930879002922	-1.1944172803	-1.10455458842	-0.923235115305	-1.20826134309	-0.649193562961	0.245826710295	-0.00389528009229	-0.564663674709	-1.19283827647
LSM2: nuclear mRNA splicing, via spliceosome*	0.242147040665	0.0479485322122	-0.130553738151	-0.400530697129	-0.379718887198	-0.435823314674	-0.160029077494	-0.00147281710957	0.405353143468	0.200751272326	0.0756577725117	-0.0972409422182
RPL26A: protein biosynthesis	0.326373976941	0.147250789528	-0.142102624234	-0.568657415688	-0.413119319735	-0.575175784577	0	-0.0954225436508	0.0400780101137	0.0922839707654	-0.0698596343112	-0.107369202946
RPL7B: protein biosynthesis	-0.290064818039	-0.810451172012	-2.0	-2.0	-2.0	-1.75697768432	-1.8060720024	-0.955344126652	-0.16148809024	-0.258799934979	-0.304922101379	0
ERD2: protein retention in ER	0.468991639233	0.29987689386	0.303851786663	-0.112211936719	0.0721630730167	0.246485148672	0.103270897973	0.050671563872	0.547780468251	0.464348834879	0.869797686411	0.101628634467
YBL059C-A: biological process unknown	0.316751758375	0.224184510898	-0.020780654536	0	-0.0201659250882	0.0166544921222	0	-0.315284812362	0.289272588544	0.225699072197	0.12655007044	0.0603864984372
YLR367W_2	0.387403017275	0.143671986637	-0.360912317322	-1.15112076343	-0.343388473204	-0.31016623849	-0.621079031352	-1.35072099492	0.210401408421	0.0766906743596	-0.0459668698791	-0.721838058295
RPL22A: protein biosynthesis	-0.0708195977729	0.0807297103957	-0.172406243809	-0.352392271024	-0.587612212805	-0.424407461844	-0.0111960672565	0.106418777368	0.0356256301459	-0.308702721686	0	0.0992922670452
RPL16B: protein biosynthesis	-0.0926963149966	0.0221278223572	0.00729040411939	-0.122522666785	-0.453390880135	-0.181663598828	0.0531503132278	0.146040137024	0.0120654201198	0.0265871427118	0.242713399343	0
SEC14: sporulation (sensu Fungi)*	-0.0918097083692	-0.150791824408	-0.112617840727	-0.25230063849	-0.417100008328	-0.374202410407	-0.131578978619	-0.186830921302	0.123569545503	-0.114154268076	0	0
RPL29: protein biosynthesis	-0.0236233358147	-0.121144429056	-0.30881271394	-0.776067062829	-0.985330245467	-0.832707829469	-0.587235561104	-0.308583168857	0.274687830055	0.0855007549733	0.153499823503	0.260069854257
RPS25B: protein biosynthesis	0.196144953417	-0.105696311663	-0.0473829233565	-0.22674236746	-0.164799175973	-0.279345045025	0.0699853312876	0.222355004333	0.414084022376	0.206421516887	0.612951606799	0.0532264707419
RPL42B: protein biosynthesis	0.210706945512	0.176049109262	-0.117342647734	-0.0697860895309	-0.532182597094	-0.649670274628	-0.166166436603	-0.181703842374	0.359902797399	0.151831407184	0.0346552512676	-0.297533367437
RPS0A: protein biosynthesis*	-0.0679347621822	-0.131010753743	0.000163190479933	0.0710501198983	-1.32856152893	-1.02559178748	-0.419052284021	-0.772284284201	0.227706718205	-0.0541969878737	-0.103771930516	-0.815279884245
RPS4B: protein biosynthesis	-0.596571455678	-0.113985995229	-0.348989620634	-0.177718709021	-1.84970400478	-1.37598976535	-0.277895786758	-0.900631008225	-0.320791639615	-0.112832274937	-0.114064545347	-0.0281644003667
SNR17B	-0.465767355919	-0.183617681635	-0.108759956651	0.358847019206	-2.0	-1.7617687864	-0.522404238553	-0.86168775332	-0.237829450512	-0.06980042187	-0.214250373188	0.150691239874
RPL18A: protein biosynthesis	-0.0567610554865	-0.129067485081	-0.21436848691	-0.405356106481	-1.57740886918	-1.39620854434	-0.595050405781	-0.996366044395	-0.0481209141867	-0.100714031806	0.337167853599	0
RPS13: protein biosynthesis	-0.027705233138	0.277858192515	-0.191644187574	0.0828235148902	-1.51730196572	-1.84971329375	-1.48576890923	-1.11955522693	0.293919499599	-0.201123398233	0.022337282797	-0.343468647403
RPL28: protein biosynthesis	-0.0788758083159	0.186772049802	0.180060247665	0.000906292353778	-1.89343018879	-2.0	-0.917692585815	-0.601586424866	0.123568797007	0.240951030763	0.243426933895	-0.0500069810692
RPL36B: protein biosynthesis	0.142103896833	0.218328415751	0.107372403512	0.0504625419724	-1.95223929773	-1.95982920759	-1.16657902563	-0.987095647404	0.0326563629598	0.190315392695	0.245719966068	0.0922505456567
RPL32: protein biosynthesis	0.246608468933	0.260451448136	0.281902323001	0.233911408885	-1.75598440769	-1.50879289283	-0.67165931065	-0.712592076528	0.412436774521	0.275063730168	0.0904991146113	-0.499287808647
RPL24A: protein biosynthesis	-0.0496515103457	0.0641891281715	0.141396639223	0.125637574257	-1.70534241185	-1.71867338859	-0.877795676755	-0.756871949354	0.150089723809	0.106022861935	-0.0974461101874	-0.523424327994
RPL40A: protein biosynthesis*	-0.132465407042	0.14007750004	0.158837520247	-0.182614524823	-1.4757882867	-1.60703272979	-0.106311582036	-0.444095218471	0.264679680741	0.147070744117	0.222647004323	-0.0790001470136
RPS11B: protein biosynthesis*	-0.19110378173	-0.230537621837	-0.150668361294	-0.166446875747	-1.16885123322	-1.0374409129	-0.48145645138	-0.935176354634	-0.288986789429	-0.080575797053	-0.23594484567	-0.189008909591
RPL23A: protein biosynthesis	0.152039254011	-0.00372561452463	-0.010271864616	0.0557533325872	-0.663786884779	-0.570836594154	-0.224203600327	-0.0495157508786	0.173169755608	-0.0145101804291	-0.00850056975738	0.0704601019462
RPS29B: protein biosynthesis	-0.0284314656583	0.0550573154126	-0.0737987702944	-0.385590155915	-1.11456470151	-1.43979579103	-0.96016875623	-0.645058986979	0.0726336367818	-0.00887880382012	0.00942095974629	0.525497094902
RPL21B: protein biosynthesis	0.0672270497122	-0.129138867932	-0.0279996236743	-0.0625776687125	-1.36254292839	-1.22725527147	0.0615936180963	-1.68409537224	0.103518071532	0.056253078655	-0.612234923398	0
RPL35A: protein biosynthesis	0.459421970936	0.432634671452	0.207429699121	-0.0542161112682	-1.67472886804	-1.75243918175	0.234509768169	0	0.0128272610773	-0.00572737953003	-0.459200718532	-0.000857661079518
RPL33A: protein biosynthesis	0.207937002169	0.159458356675	0.0618069898772	-0.0556351203827	-1.47868063953	-1.51958312717	-0.0268812420903	-0.964607258279	0.0169680469499	-0.0712879222691	-0.300662781034	0.147679454113
RPS21B: protein biosynthesis	-0.132850139343	0.0582510636007	0.100244506791	-0.244131313278	-0.521015804541	-0.615053381736	0.178930016808	-0.436809485021	0.153940926714	0.0474939921197	0	0
RPL2B: protein biosynthesis	0.095706139599	0.00310401322923	-0.255627382026	-0.210183737435	-1.55959240721	-1.48775712357	0	-0.148554930777	0.0600556783872	0.0104157367071	-0.395424471391	0
RPS30B: protein biosynthesis	0.222458700103	0.108262141732	0.0566519873788	-0.0319369173033	-1.15609712489	-1.07059279678	0.245385118367	0.0871033772562	0.178220433207	0.249405782573	0	0.615234191957
RPS11A: protein biosynthesis*	-0.332455035997	-0.58681562529	-0.471717500576	-0.401156418127	-1.07724280459	-0.98404623772	0.278088504786	-0.170238562101	-0.0180737059602	-0.0177132527214	-0.680860643682	0.269277437199
RPL35B: protein biosynthesis	0.34312814771	0.242422587477	0.0371890708592	-0.414791140203	-0.894772274591	-0.934995530515	0.483702679292	0.484165803509	0.286858486879	0.200887032231	0.0693638253623	-0.480364195384
RPS29A: protein biosynthesis	0.289939881786	0.348917383961	-0.0212482183825	-0.421189059207	-1.10539359802	-1.10960428464	0	0.128001638425	0.25870062308	0.334839933219	-0.120874897464	-0.785295832692
RPL13B: protein biosynthesis	0.25336225692	0.0385666941877	0.0251760664213	-0.0750235190656	-1.81798821211	-1.72646665298	-0.0284032903633	0.255040694279	0.348960366623	0.0769732215485	0.00318513287385	-0.177675285633
RPL17A: protein biosynthesis	-0.0454362668862	0.00787729900299	-0.190473785977	-0.266163834578	-2.0	-1.70172519568	0	-0.202716049843	0.0120447699095	-0.147962327585	-0.287518157509	-0.715501255267
RPL20B: protein biosynthesis	0.205882003182	0.1063627775	0.131594640526	-0.198782763866	-1.70645635369	-2.0	1.271581278	0	0.100518626726	0.156102662397	0.0364278259151	-0.18755062375
RPL2A: protein biosynthesis	0.033452826889	0.100985448119	-0.226697092406	-0.330954710487	-1.43495273324	-1.52983677397	0.24518909403	-0.446745622017	0.0235270016443	-0.155459251246	-0.0797821562122	-0.386675535683
RPS17B: protein biosynthesis*	0.135717517512	-0.283837151689	-0.234912855472	-0.375171186324	-1.13827666227	-1.5157644348	0.0943858787425	-0.371339347866	0.107382434001	-0.138207068303	-0.112907999531	-0.488392375917
RPS6A: protein biosynthesis	0.382551867767	-0.05693643081	-0.0334727537615	-0.322861641882	-0.656553996226	-0.550777152618	0	0	-0.0320590795945	0.0888227497454	-0.00231177108216	-0.145345148234
RPS16B: protein biosynthesis	0.127348592568	0.108610842298	-0.251163184343	-0.643483705813	-1.17597264319	-1.11262349895	-0.0358422592984	0.0295777661349	0.0128397622702	-0.0927044177281	0.116280110759	-0.202232072989
ASC1: biological process unknown	-0.201060198627	-0.0802722622631	-0.0114334830347	-0.102717177232	-1.07560279198	-0.85401543984	0.592856143399	0.190255520307	-0.0664057722627	0.104481586612	-0.135293646662	-0.0807590997178
RPL14A: protein biosynthesis	-0.139340804489	0.0213523768971	-0.128532559785	0.0372700455109	-1.00989674893	-0.907442275894	-0.170692163043	0.480605789146	0.0864116699067	-0.118779297293	-0.236217868538	-0.244860753426
RPS14A: protein biosynthesis*	0.259592169533	0.0505078078431	0.36916562244	0.257753764322	-0.840338426818	-0.728870370193	-0.238220157912	0.410894902855	0.238602944495	0.064824859408	0.139716885893	-0.0369231408748
RPS24A: protein biosynthesis	-0.0820806939185	-0.135351143477	0.0210453548922	0.0156231316434	-1.36771686722	-1.53020895697	0	0.266071280475	0.00965190640224	0.00951713415666	-0.04895531219	-1.15000364508
RPS25A: protein biosynthesis	0.123185020901	0.238124847489	0.290313074223	0.447540265914	-0.713791821172	-0.551176968224	-0.54464453638	0.462053437202	0.145375798586	0.059957642892	-0.039924941734	0.30441829716
RPL13A: protein biosynthesis	-0.0316551056983	-0.0636873679125	-0.345632901743	0.0584062240152	-1.20471196671	-0.993148854026	0	0.237854403909	-0.0375578174447	-0.0790273439014	-0.552037227521	-0.0593077471057
RPL43A: protein biosynthesis	0.00546735864625	0.216770016033	-0.0159247369374	-0.0533859149214	-1.25969728508	-1.34819668055	-0.516243839887	0.509303731459	-0.158116742381	0.0852879712487	0.0515004203428	0.0691802056501
RPL19A: protein biosynthesis	0.242244531814	0.242142675583	0.185735086632	-0.00362755499203	-1.46294947337	-1.46248879051	-0.215366111741	0.405363958596	0.03157408376	0.0717996232706	0.618202431509	0.205061488848
RPL23B: protein biosynthesis	0.0199571701994	0.133257499811	0.0561462988395	0.0789320929615	-0.688822661346	-0.977791775219	-0.0810511949273	0.261116195728	-0.219377067567	-0.0850404713687	0.0296431460051	0.395349831289
RPL17B: protein biosynthesis	-0.174578858917	0.0264103051668	-0.0923640841175	-0.19820240059	-1.07076312351	-1.27952767085	-0.16061901611	0.56828416748	-0.0697810808204	-0.155447604116	0.0236319538274	0.509931802732
RPL34A: protein biosynthesis	0.834084785241	0.153046592737	0.201340643347	0.137939631226	-1.14759369167	-1.07580612631	-0.74724422787	0.117081007332	0.0457589468456	-0.0564986560515	0	-0.312354042805
TUB1: mitotic sister chromatid segregation*	-0.0286586120729	0.205680857229	0.305198260828	0.245761335312	0.048755953872	0.0445059764926	-0.170956657458	0.0602704384595	0.102529825462	0.357322439773	0.339292981284	0.277336413316
RPS18A: protein biosynthesis	0.050810055245	0.0596884592958	0.137106855591	0.300552449717	-0.898868420362	-0.79323093834	-0.558077830702	-0.588087758826	-0.206157822387	-0.309174696205	0	0.424379982148
SNC1: endocytosis*	0.458482504698	0.56530033646	0.727546287773	0.46606846263	0.0282238351439	0.242584281308	0	-0.0622898485541	0.247365138965	0.5400676675	0.984287761153	0.871915295393
ARF2: ER to Golgi transport*	0.598179556486	0.6378807474	0.697525108842	0.725667126775	0.35417299308	0.402744254622	0.142794279845	-0.0495810349823	0.440436077475	0.559909434659	1.10791760278	1.06653331083
COX5B: mitochondrial electron transport, cytochrome c to oxygen*	1.07299631184	1.36784273758	1.38511427716	0.824534475315	0.653509737286	0.579651489732	-0.0642738425627	0.106868489207	1.00000053987	1.24611047258	1.43396288219	0.872693212775
SEC17: ER to Golgi transport*	0.664783743011	0.82461138737	1.07057894861	0.212839741526	0.0495912339163	0.184875887808	-0.85741520165	-0.558846466479	0.285086808987	0.332378306924	0.424209681374	0.333228586569
QCR9: aerobic respiration*	1.05706022486	1.04362594928	1.41957838669	0.239486850628	0.0168745450521	-0.0692853889001	-0.547687646062	-0.794340600403	0.983509679705	0.943130712915	2.0	0.340450112487
BIG1: cell wall biosynthesis (sensu Fungi)	0.33547269509	0.279139711664	0.106344430026	0.00359158111342	0.00294580152781	-0.153344453132	-0.773724562231	-0.637076226979	0.233820117319	-0.113214983391	0	0
YOS1: ER to Golgi transport	0.327066242655	-0.00977759678634	0.0392125649129	0.126234934759	-0.024105033252	-0.102075949767	-0.560480637398	0	0.232272702504	0.0755647975535	0	0.321884521775
RPS23A: protein biosynthesis*	0.45683521688	0.0708890551938	-0.0444575515929	0.0609471695424	-0.840468776155	-0.737139182704	-1.41514406734	-0.0379267727404	-0.0586545449958	-0.190143989418	-0.202031767931	-0.00362360925232
RPS30A: protein biosynthesis	0.195909570583	0.44856030205	0.514429889337	0.676605573462	-0.660717297421	-0.738769562255	-1.23086261896	0.148564330376	0.309171612745	0.398931175364	0.726539622585	0.184402356695
RPS16A: protein biosynthesis	0.335925625331	0.0784488874684	-0.0198137421524	-0.102519090309	-1.24629191231	-1.09602363534	-1.68317844501	-0.18848878666	-0.129632582569	0.0720088809982	0.114974412538	-0.283273304482
RPL21A: protein biosynthesis*	0.301342784747	0.148874717264	0.01907285463	-0.127140002719	-1.3246397131	-1.25709952843	-1.67807740208	-0.238472913921	-0.181243516743	-0.00680981529145	-0.0068998143575	-0.0624081067196
RPS9B: protein biosynthesis*	-0.149778995908	-0.0160224929622	-0.267131919155	-0.477240545502	-1.51021071867	-1.59640570481	-2.0	-0.683353907178	-0.0696136712788	-0.0194014926325	-0.052036106658	-0.106988934231
RPS0B: protein biosynthesis*	-0.101758312654	-0.0252688435747	-0.206073335848	-0.436316674858	-2.0	-1.95752661619	-2.0	-0.715321580283	0.187041344861	0.0317382091291	-0.427387320764	-0.31874882913
RPS19B: protein biosynthesis	0.111926525967	0.148469366478	-0.159730644124	-0.25009337942	-1.83233355492	-1.78964217326	-2.0	-0.132548314548	-0.0213795927047	0.137460604231	0.085800994967	-0.00831807914152
RPL27A: protein biosynthesis	-0.0433247131953	0.174797868271	0.196076856543	-0.0459292036514	-0.781660221566	-0.909861380036	-1.0424319624	0	-0.179278355924	-0.0643154702451	-0.257196083535	0.00920914078462
RPP1B: translational elongation*	-0.380996491848	-0.0325742570736	-0.143265054863	-0.0300716089143	-1.00642479558	-0.919895807479	-1.11815009781	-0.413342911745	-0.13945120798	-0.150703928185	-0.0522683272692	0.140669427861
RPL39: protein biosynthesis	0.255460260056	0.178488289819	-0.0210393836224	-0.22791498506	-0.822339546531	-0.66137838683	-0.426932241388	0.0406768408683	0.255678532326	0.140855629905	0.124119926417	-0.0473117018211
RPL6B: protein biosynthesis*	-0.108283998134	-0.133421356143	-0.110426651433	-0.325795421232	-1.13122324038	-0.796311549711	0	0.225113980591	0.12967331705	0.0208641401717	-0.143493591441	-0.33801410632
RPS10B: protein biosynthesis	0.0496055727844	0.24827199641	0.206408756206	-0.342972207229	-1.42980139219	-1.44168907386	-1.07678768757	0.551192219429	0.319306935841	0.297590734419	0.211185264482	-0.0911253880645
RPL31A: protein biosynthesis	-0.0560893693576	0.207712177979	0.219587633081	-0.142523010718	-0.662985265844	-0.450981326368	-0.759175667526	0.192698488995	0.313282785851	0.174322002504	0.0267627146925	0.0553103832691
RPS23B: protein biosynthesis*	-0.122784289512	-0.0168055255036	0.0409029741325	0.12765400641	-0.951661795388	-0.699340670997	-0.637412050369	-0.0980832862596	0.469202289842	0.195664109325	0.133378451232	0.239568556294
RPL6A: protein biosynthesis*	-0.251154797739	-0.148263058782	-0.106502960553	-0.134582424363	-1.06588396199	-0.713770102206	-0.484103882133	-0.155824716879	-0.0470840109632	0.024388546897	-0.167052102373	-0.0670598308041
RPS8A: protein biosynthesis	-0.202385186561	0.0161363364758	0.116679355344	0.163204000826	-0.994772105781	-0.756555287751	0	0.221689970339	0.233666133584	0.167918448686	0.173955333112	0.187654445656
RPS4A: protein biosynthesis*	0.0333651532008	0.0970875570141	-0.0407611972001	0.0318173224897	-0.846712474319	-0.703144789261	0	0	-0.102085868612	0.0144462326477	-0.0632823612711	0.0793221191975
RPS7A: protein biosynthesis	0.259388959576	0.204334196064	0.25633006471	0.0985915397664	-1.22609595589	-1.00918549848	-1.80629698291	-1.01438240506	-0.0164667062649	0.0934166497927	0.0945876255643	0.0978555320014
RPL25: protein biosynthesis*	0.361413421407	0.498735933074	0.498064244421	0.250778201693	-1.02440898759	-0.695027279903	-1.23738064705	-1.16668805875	0.559777222854	0.609822961216	0.310661709917	-0.134289654758
RPS17A: protein biosynthesis*	0.23564047104	-0.00296582252019	0.0248845437639	-0.124234386675	-1.31188231586	-1.12276516339	-1.78042609733	-1.90363653159	0.282676382315	0.294766007693	0.233258598147	-0.216290429683
RPL42A: protein biosynthesis	0.188045790236	0.106836927183	-0.148373830781	-0.384974462904	-1.53213421718	-1.73936307351	-2.0	-1.26498951843	0.361131608685	0.374685674471	0.0489312660787	-0.348866215875
ACT1: cell wall organization and biogenesis*	0.191229972665	0.0651364079361	0.33543108772	0.668682152279	-0.519359599141	-0.362572644404	-0.649575670297	-0.510182583559	0.101852128221	0.208413802881	0.257321419683	0.605679486812
SNR17A	-0.34461679059	-0.389824604464	-0.261897747666	0.116217330492	-2.0	-1.57099941396	-1.85417131975	-1.84513164518	-0.237829450512	-0.06980042187	-0.214250373188	0.150691239874
LSM7: nuclear mRNA splicing, via spliceosome*	0.310476316771	0.159184922072	0.345176191191	0.699977478557	-0.142503645103	-0.111451664142	-0.0790190254983	-0.0778106048063	0.569509000333	0.450880912752	0.419729115654	0.756261914236
SEC27: ER to Golgi transport*	0.207194840487	0.19382300425	0.12506988481	0.493476283765	-0.232286486417	-0.327428840642	0	-0.213148935163	0.248642105594	0.307032979561	0.458506126759	0.265768057996
GLC7: 35S primary transcript processing*	0.399679997193	0.348353489154	0.824859795687	0.843320568736	-0.348497449198	-0.367929125579	-1.08388968877	-0.655379611222	0.20373091526	0.0717319542751	0.0871746207368	0.160833041519
EFB1: translational elongation	0.111432289801	-0.189680297538	-0.236426365825	-0.280390993382	-0.557428321259	-0.428316682273	-0.328366588946	-0.457762061561	-0.0312874397771	-0.286534353548	-0.0736420537534	-0.328024590415
RPS10A: protein biosynthesis	0.333711865768	0.27980668184	0.122488570608	-0.410411084708	-0.810985992618	-0.686549399815	-0.474025468681	-2.0	0.289860242414	0.339932645743	0.0905539767239	-0.383989417248
RPL37A: protein biosynthesis	0.180276920013	0.0670081444114	-0.0240406792179	-0.218825266648	-0.598176100885	-0.489161161053	-0.559819057851	-0.619119344416	0.123314107538	0.0865587800281	-0.035408601216	-0.660748610054
RPL18B: protein biosynthesis	-0.118830144173	-0.541302283796	-0.527784290907	-0.729275134787	-1.70134027185	-1.23496798425	-0.957837120394	-1.70630146817	0.127872482463	0.10436780421	0	0
RPS26A: protein biosynthesis	-0.17247206791	0.102155535521	0.146035286445	0.09848428084	-0.905540125887	-0.926041332221	-0.666017540716	-1.06701411387	0.409367758801	-0.304527828907	-0.443518816701	-0.0528753022926
DCN1: protein neddylation*	0.120913086592	0.194857467299	0.326279836217	-0.671203846805	-0.193137595937	-0.120588756073	0.0910200682835	0.318719299497	0.0651150598865	-0.0323475889177	0	0
REC114: meiotic recombination*	0.15318173608	0.158341295835	0.435096139023	-0.158490858529	0.0668858615397	0.10490570281	-0.136204994789	0.253300803294	-0.064869411635	0.145701982776	0.0985328669874	0.172103717774
YOL047C: biological process unknown	0.0695994344134	0.0872176338086	0.768891867482	0.0402415688291	-0.0066800425928	0.105273930824	0.0803997596375	-0.108122668159	0.0147549139837	0.193222633039	0	0.35471835969
MRPL44: protein biosynthesis	-0.0484544591024	-0.103260635887	0.64080147931	-0.312479459569	-0.0667554037284	-0.00122791289046	-0.0119070401792	0.139162289357	0.0355107287958	0.0214205844323	0.196431769533	0.074021420059
TAD3: tRNA modification	0.0829142158026	0.274607912689	0.944790892448	-0.140793111961	-0.490655929423	-0.32516594545	0	0.319578909947	0.266081187534	0.145770112137	-0.094142751334	0
GIM5: tubulin folding	0.40507794479	0.339017055818	0.514267092208	0	0.177025177329	0.115668277044	-0.500849613558	0.37726916794	0.33023304966	0.325624015306	0.12582509248	-0.233764319128
PHO85: protein amino acid phosphorylation*	0.42672115566	0.418562447124	0.889230417768	-0.0335830396324	-0.358790169099	-0.162672308506	0	-0.0442498516784	0.42530328288	0.499189123561	-0.0444908319391	0.0608704369171
SMD2: nuclear mRNA splicing, via spliceosome	0.0832856325852	0.00730204468594	0.637499041964	0	-0.0273793649037	-0.194956891907	0.574184802592	0	0.0868625861051	-0.0122700936966	0.192920799245	-0.201387722506
VPS75: protein-vacuolar targeting	-0.137597696295	0.0240905627129	1.05413762239	-0.0739343149108	-0.473013820993	-0.343352641087	0	-0.233467037262	0.000629269044473	0.135637952871	0.135606678992	-0.236326158581
YLR316C_2	0.0829142158026	0.274607912689	0.944790892448	-0.140793111961	-0.403178116219	-0.0284237541012	0	0	-0.308726537253	-0.165515759452	0.454430720126	-0.170437504164
TAF14: chromatin remodeling*	0.136153493516	0.255231403228	0.212827883565	0.0464863794586	0.0435216605753	0.316447000045	0	0.0884664853017	0.362483656298	-0.0357368126283	0	-0.131129654239
MOB2: protein amino acid phosphorylation*	-0.339299197079	-0.114431654381	0.257790892787	-0.0938339742131	-0.35170209334	-0.147182609611	0	0.23038950294	-0.170858652295	-0.0720019733983	0	-0.865063775018
MEI4: sporulation (sensu Fungi)*	-0.0011849377923	-0.0484950031476	1.19575799328	0.530380865027	0.291777310278	0.128331204254	0.104419921732	0	-0.284385680171	0.039816447096	-0.00536983540105	-0.927553427255
RPL16A: protein biosynthesis	-0.348824102494	0.0795481496536	-0.195698094847	-0.278153183061	-0.404423721971	-0.183917122638	-0.15837466448	-0.164098782657	-0.128310625312	-0.306683834136	-0.607167423426	-1.04336220936
YHR097C: biological process unknown	0.920088844037	1.8316803428	1.47378190446	0.581044331887	0.628698913564	0.537405340495	0.219475464673	0.158171749777	0.47360456792	0.784526844551	-0.392103288739	-1.89166899868
MUD1: nuclear mRNA splicing, via spliceosome	0.437671333296	0.302424717766	0.291887877264	0	0.0417301868074	0.30872488129	-0.00190816780771	0.316838259919	0.294122554422	0.495280149034	0	-0.373285879458
RPS8B: protein biosynthesis	-0.0289942237848	-0.00292264683784	0.10312614552	0.0431992624044	-0.629455706313	-0.732312577992	-0.76006899043	-0.770600709961	0.187627218165	0.0770783003156	-0.258036534507	-1.51155188012
RPL40B: protein biosynthesis*	-0.0531293260184	0.110826530935	0.234029076766	0.0534736743064	-1.0510875245	-0.947413960426	-0.343918239723	-0.198283326813	0.224151190184	0.0902384526588	-0.0932362417708	-1.63043745072
RPS18B: protein biosynthesis	0.351585295384	0.125322366343	0.0861672388458	-0.204611561503	-0.872179032883	-0.650412526384	0	0.909343815839	0.294760170183	0.0511699306433	0.0647335929072	-1.64243676259
RPS21A: protein biosynthesis	0.229690050003	0.00795749814195	-0.0322267399939	-0.311174303283	-1.40374839314	-1.46292897699	0.384671590656	0	0.106376354305	-0.143728267797	-0.229204614851	-2.0
RPS6B: protein biosynthesis	0.238770906511	-0.0283226511004	0.11656796825	0.0770709231058	-0.492883948892	-0.249219475174	0.350787138237	0.217235673626	0.207123943936	-0.00968599144435	-0.270885720674	-0.740510432223
RPS7B: protein biosynthesis	0.0765541531805	-0.384545181255	-0.718124301166	-0.760779383495	-0.84509573555	-1.00797433312	-1.24323670225	0.218442680164	0.084205803268	-0.121019273817	-1.33033871964	-1.6275729315
YKL186C_6	-0.0742814887005	-0.220781938024	-0.102070264918	-0.0165401163736	-0.0425982329077	0.0199915558087	-0.37209544284	0	-0.246943967849	-0.261081039143	0.0389145048227	-0.765669022022
DYN2: microtubule-based process*	0.0719703835435	0.0822476328376	0.0698377742331	0.198092032645	-0.0982364752748	0.13865311707	-0.669161664685	0.479341115121	-0.0674522117207	-0.11614522716	-0.080275616543	-1.21206535276
ARP9: chromatin remodeling	0.565917804137	0.731949262278	0.635111669043	0.455452101941	0.486020858266	0.351131579929	0	0.652984486872	0.454810664983	0.337025935079	0.541493200582	-0.0510086694393
POP8: rRNA processing*	-0.117790784795	-0.401125160971	-0.185114872315	0.115311199942	0.242692856528	0.125012129261	-0.17950838205	-0.224558955699	0.353591887023	0.141009551416	-0.909187999393	-1.22344489462
RPL27B: protein biosynthesis	-0.0773621691065	-0.374556554534	-0.516410307416	-0.240667671086	0.0769580197811	-0.0655509845029	0.0713073987009	0.27080627812	0.189843486097	-0.047359363339	-0.705980763371	-1.04217070948
CNB1: cell wall organization and biogenesis*	0.103634296938	0.305923841474	0.469988922817	0.200959673294	0.0676879796284	0.00734087394804	0	0	-0.35102521498	-0.184921003967	-0.568421920634	-0.0222441949477
ARP2: actin filament organization*	0.369636850065	0.633957599247	0.864615268091	0.847104199037	-0.210435685489	-0.145773881957	0.0719437292335	0.291409215153	0.0149485200047	-0.0837113272781	0.00173643368827	-0.011491434083
UBC5: endocytosis*	0.294362847987	0.615211457849	1.04983747164	1.0631358955	0.170241929761	0.190431370338	0.365963143446	0.479359518826	-0.0207730721195	0.0258481851371	-0.339913601378	0
IST1: protein biosynthesis	0.413575690611	0.673674246265	1.71509191506	1.76780079693	0.154859681547	0.180756150621	0	-0.053022286927	0.191651590332	-0.0288460644026	-0.577413727794	-0.509521925968
YRA1: mRNA-nucleus export	0.544018670768	0.511779138603	0.686518830439	0.830669545861	0.135667763277	0.0464738008725	0.191710544888	0.17034434069	0.41669313828	0.286825988148	0	-0.155051879024
COX4: aerobic respiration*	0.485893111861	0.491150020401	0.400800364458	0.511448980229	-0.197454947915	-0.0897757418589	-0.334302949702	-0.0259111693426	-0.0122104134197	-0.100711749545	-0.264352554282	-0.58882865001
NYV1: vesicle fusion	0.625878284278	0.908275580196	1.29994711091	1.39945585409	0.848035962254	0.603785486149	-0.0203747797501	0.12319501635	0.230173268337	0.268198057396	0	-0.0997856763226
LSB3: actin filament organization	0.129335265997	0.569329270518	0.567496752216	0.757768350573	0.305829501754	0.0109697464755	-0.701844453043	0	0.108256888469	-0.162156586916	0.093425926095	-0.196086715606
VPS29: retrograde transport, endosome to Golgi	0.252174645503	0.2974194893	0.671174797776	0.396908177189	0.118472307481	-0.0407868971624	-0.0966639113681	-0.0914000357657	-0.14133490494	-0.0403247868127	0.517518709743	-0.038099261194
COF1: actin filament organization*	0.791888076887	0.617746804029	0.661951841515	1.01476061306	0.115344065549	-0.0932359483579	0	-0.00531291164406	-0.0249295863614	-0.114647638859	0.316004673155	0.217315723842
SAC6: endocytosis*	0.273695656735	0.675113236558	0.877305490019	0.644987029008	0.0703297742581	0.0248710206688	-0.263460737673	0.0239510842276	-0.214088991592	0.286819976617	0.275015230157	0.201027632157
UBC4: response to stress*	0.404085694748	0.606605972035	0.851381800511	0.995546241998	-0.214889709585	-0.0526561290896	-0.305522464383	-0.144829124059	-0.176078716279	0.163287837445	-0.0607540512179	-0.0603012653658
YBR230C: biological process unknown	1.53793693458	2.0	2.0	1.59645523873	0.754643370097	1.13821941727	0.462799358762	-0.227272121367	0.0459860894444	-0.078436080007	0.655726183336	0
YOP1: vesicle-mediated transport	0.640309327344	0.695148211017	0.873128392471	0.8432236677	0.0527522768888	0.0329162379183	-0.365558022314	-0.257096891543	-0.146347503869	-0.244456150348	0	0.526835519352
MAF1: negative regulation of transcription from RNA polymerase III promoter	0.342410548136	0.42398777326	0.916263783534	0.317908083344	-0.0709626344476	-0.470631883613	0.121497389696	-0.118655166766	0.0893402887864	-0.144793452975	0.107969496012	-0.13483814878
RPO26: transcription from RNA polymerase II promoter*	-0.0654935822126	-0.18371043759	-0.131122904496	0.239618865922	-0.105330176694	0.202915282796	0	0	-0.100383771894	-0.0174840308146	-0.111907562407	0.140799136808
DMC1: meiosis*	-0.141780217191	-0.00859256234535	0.167166184069	0.349231920671	0.00470286644614	0.0818132132314	0.129384534104	0.0890604420071	-0.0831364065148	0.0118220871531	-0.22672315392	-0.00877386767789
SCS22: biological process unknown*	-0.108653239582	0.0139927273022	0.0254470018658	0.763515913949	-0.378273438187	-0.0972959501927	0.0161004561459	0.207442188229	0.0523693912866	-0.203128779455	0	0
HOP2: synapsis	-0.122549703789	-0.226624020065	0.013632487241	1.85214725502	-0.377770722634	-0.15257348266	-0.182426904027	-0.130539845341	0.038194419996	-0.00757061635008	0.105850594116	0.65598616429
YBL059W: biological process unknown	0.110874782697	-0.0428131494098	-0.0716077613914	0.922608732821	0.0561730614794	-0.0416136592243	0.123926057832	0.544585905641	0.233252062637	0.018627968586	0	-0.198693010845
YML034W_2	0.419434771687	0.181959131199	0.0701297423299	1.61076194696	0.0210831598291	-0.054521225365	-0.202489665941	0	-0.193518913824	-0.0107257087658	-0.0948294589593	0.432872720834
SRC1: mitotic sister chromatid segregation	0.419434771687	0.181959131199	0.0701297423299	1.61076194696	0.0213122623501	-0.231711981942	0.100035485766	0.530571218326	-0.0585829614177	-0.271081611745	-0.0103153490817	0.0874389699241
TUB3: mitotic sister chromatid segregation*	0.00812064772602	-0.00883305827338	-0.0430195296833	0.279191301173	-0.213290013031	-0.0363583100803	0.0562705679504	-0.120214268185	0.0206335107432	0.167213390327	0.0778191531073	0.0100814666058
HNT1: nucleotide metabolism	0.918969284109	0.695921322564	0.585339548293	0.180321693941	1.35710283418	1.07621882613	1.19444099158	-0.0186827084258	0.164252968744	0.137953696136	0.0592721571757	0.104249163502
GOT1: ER to Golgi transport*	0.71242237916	0.149949674191	-0.0705827244209	-1.11070198128	1.42587898987	0.992336250126	0.857563378761	0.388414981729	0.32966720177	0.0911222187326	-0.269559876402	-0.261568546503
YJL205C-A	0.206343849705	0.176341148116	0.0555134103961	-0.134264910199	0.294186480742	0.362060704741	0.0968933315407	-0.114756232497	0.142452576947	0.123880541402	0.186703029218	0.0330717371769
YDL012C: biological process unknown	0.792320882301	0.829250815552	-0.160328642851	-0.825693049224	1.35737925523	1.21532649441	-0.625323316388	-0.464645718879	-0.313192139663	-0.191938767822	-0.560908026149	-1.04479405337
RPS27A: protein biosynthesis	-0.0426380002687	-0.680066097796	-1.06586237706	-0.701666618915	-0.398661203117	-0.515250379023	-0.562944507515	-0.212519893763	-0.166112036544	0.00263023631739	-0.366231307686	0
NSP1: mRNA-nucleus export*	-0.0192900783932	-0.246836991175	-0.453601566258	-0.286112160386	-0.138860463653	-0.130836348503	0	0	0.0100331122292	0.0434223562897	-0.146412747279	0.062646109154
RPS9A: protein biosynthesis*	-0.161872271913	-0.867632990928	-1.63023562645	-1.45948003281	-1.20900919996	-1.72099763947	-2.0	0.657661149894	0.0212325655097	0.0980422074163	0	1.05103137855
YLR211C: biological process unknown	0.673589218326	0.837607394413	-0.318574344245	0.156491079929	0.506487600707	0.2743471116	-0.244807341198	0.272578818402	-0.0630788780049	-0.11952774666	0	0
MRK1: protein amino acid phosphorylation*	0.473657781163	0.646905803574	-0.758805020907	-0.423273063512	0.386225807445	0.268846582535	-0.331087744874	0	-0.0839106614514	-0.0569448399678	-0.0371698924339	0.137047392061
PCH2: regulation of meiosis	0.057249828469	-0.0302196204925	-1.16180863224	0.0712002471417	0.084211063137	0.479919859864	0	0	-0.174631198598	-0.182439783927	0.69244756801	0.296217722946
ERV1: mitochondrion organization and biogenesis*	0.351560973754	0.317121712667	-0.602308462384	0.0812774749345	0.0671083179107	0.246425836408	-0.456706156171	0.271616115412	0.0622447684833	0.0771175996389	0.337706863489	0.129748078105
YBR219C: biological process unknown	0.375301845418	0.327469531451	-0.434720967337	0.436046478294	0.533505936727	0.516371426731	0.254677061802	0	0.152248738763	0.0782177100013	-0.282285182474	0.27939823276
EPT1: phosphatidylethanolamine biosynthesis	0.103021520005	-0.0103020144607	0.375757782389	0.054875107363	0.265041436298	0.376668809318	-0.214015286128	0.13473084938	-0.186634231339	-0.0791299113346	0.531485144691	0.096890381386
RUB1: protein deneddylation*	-0.277740971711	-0.154324697082	-0.00519434383081	0.197569140174	0.240764943234	0.209632104808	-0.35528021411	-0.0309399212843	0.0351206170763	-0.0775361808931	0	-0.238557201722
HNT2: nucleoside catabolism	0.235063906079	0.053586100017	1.26361563926	0.217091610814	1.35901463717	1.24322900142	-0.482879122821	0.232698075189	0.387144268545	0.445499562447	0.456564338767	0.338992469421
HMRA1: regulation of transcription, mating-type specific	-0.229298525537	-0.0453199472698	0.100721093965	-0.344705146894	0.272516168311	0.125854624678	-1.10890618538	-0.162111415741	-0.0582503614551	0.163733598358	0.554353674037	0.401898102973
YIP3: ER to Golgi transport	0.43640619759	0.671649490403	0.288100891344	-0.879566550595	0.612314000268	0.772753322021	-1.24375456805	0	-0.127231458702	-0.111096956293	0.285066111639	0.565514321985
BOS1: ER to Golgi transport	0.282041172084	0.106286511085	0.154871161623	0	0.145915155955	-0.00521290637337	0	0.202207113844	-0.138776353959	-0.153329448719	0.178452893376	0.189284464324
YKL186C_5	-0.0742814887005	-0.220781938024	-0.102070264918	-0.0165401163736	-0.0922547912683	-0.123281297519	-0.891236095824	0.229467227571	-0.394539644363	-0.337084273881	0	0.22664717718
